 150914
 157864
 164828
 172678
 180528
 187478
 194428
 203178
 210128
 217078
 225828
 232778
 239728
 247578
 255428
 262378
 269328
 278078
 285028
 291978
 300728
 307678
 314628
 322492
 330342
 337292
 344242
 352992
 359942
 366892
 375642
 382592
 389542
 397392
 405242
 412192
 419142
 427892
 434842
 441792
 450542
 457492
 464442
 472292
 480142
 487106
 494056
 502806
 509756
 516706
 525456
 532406
 539356
 547206
 555056
 562006
 568956
 577706
 584656
 591606
 600356
 607306
 614256
 622106
 629956
 636906
 643870
 652620
 659570
 666520
 675270
 682220
 689170
 697020
 704870
 711820
 718770
 727520
 734470
 741420
