 81374
 85370
 89400
 93396
 97420
 101416
 105440
 109436
 113460
 117456
 121480
 125476
 129500
 133496
 137520
 141516
 145540
 149536
 153560
 157556
 161580
 165576
 169600
 168442
 172346
 176222
 180126
 184002
 187906
 191782
 195686
 199562
 203466
 207342
 211246
 215122
 219026
 222902
 226806
 230682
 234586
 238462
 242366
 246242
 250146
 261816
 265852
 269836
 273872
 277856
 281892
 285876
 289912
 293896
 297932
 301916
 305952
 309936
 313972
 317956
 321992
 325976
 330012
 333996
 338032
 342016
 346058
 350054
 354078
 358074
 362098
 366094
 370118
 374114
 378138
 382134
 386158
 390154
 394178
 398174
