 76424
 80204
 83990
 87770
 91550
 95330
 99110
 102890
 106670
 110450
 114230
 118010
 121790
 125570
 129350
 133130
 136910
 140690
 144470
 148250
 152030
 155810
 159590
 137576
 140756
 143936
 147116
 150296
 153476
 156656
 159836
 163016
 166196
 169376
 172556
 175736
 178916
 182096
 185276
 188456
 191636
 194816
 197996
 201176
 204356
 246548
 250340
 254108
 257900
 261668
 265460
 269228
 273020
 276788
 280580
 284348
 288140
 291908
 295700
 299468
 303260
 307028
 310820
 314588
 318380
 322148
 325946
 329726
 333506
 337286
 341066
 344846
 348626
 352406
 356186
 359966
 363746
 367526
 371306
 375086
