 81399
 85395
 89425
 93421
 97445
 101441
 105465
 109461
 113485
 117481
 121505
 125501
 129525
 133521
 137545
 141541
 145565
 149561
 153585
 157581
 161605
 165601
 169625
 168467
 172371
 176247
 180151
 184027
 187931
 191807
 195711
 199587
 203491
 207367
 211271
 215147
 219051
 222927
 226831
 230707
 234611
 238487
 242391
 246267
 250171
 261841
 265877
 269861
 273897
 277881
 281917
 285901
 289937
 293921
 297957
 301941
 305977
 309961
 313997
 317981
 322017
 326001
 330037
 334021
 338057
 342041
 346083
 350079
 354103
 358099
 362123
 366119
 370143
 374139
 378163
 382159
 386183
 390179
 394203
 398199
