 900264
 900264
 900264
 900264
 900264
 900264
 900264
 900264
 900264
 900264
 900264
 900264
 900264
 900264
 900264
 900264
 900264
 900264
 900264
 900264
 900264
 900264
 900264
 900264
 900264
 900264
 482506
 482501
 482496
 482491
 482486
 482481
 482476
 482471
 482466
 482461
 482456
 482451
 482446
 482441
 482436
 482431
 482426
 482421
 482416
 482411
 482406
 482401
 482396
 482391
 482386
 482381
 482376
 482371
 482366
 482361
 482356
 482351
 482346
 482341
 482336
 482331
 482326
 482321
 482316
 482311
 482306
 482301
 482296
 482291
 482286
 482281
 482276
 482271
 482266
 482261
 482256
 482251
 482246
 482241
 482236
 482231
 482226
 482221
 482216
 482211
 482206
 482201
 482196
 482191
 482186
 482181
 482176
 482171
 482166
 482161
 482156
 482151
 482146
 482141
 454646
